tensor([[0., 0., 0.,  ..., -0., -0., -0.],
        [0., 0., -0.,  ..., 0., 0., -0.],
        [0., 0., -0.,  ..., 0., 0., -0.],
        ...,
        [-0., 0., -0.,  ..., 0., 0., -0.],
        [0., 0., 0.,  ..., -0., 0., -0.],
        [0., 0., -0.,  ..., 0., -0., 0.]], requires_grad=True)
Parameter containing:
tensor([-0.0838,  0.0942, -0.1394, -0.1619,  0.0475, -0.1463, -0.0290, -0.1695,
        -0.1460, -0.1969,  0.0256, -0.1912, -0.0551,  0.0183,  0.1604,  0.1629,
        -0.0878, -0.1455, -0.1303, -0.0400, -0.1034,  0.1357, -0.1272,  0.0087,
        -0.0948,  0.1517, -0.0427, -0.1289, -0.1088,  0.1109, -0.0570,  0.0622,
         0.1791,  0.1009, -0.0477,  0.0924, -0.1223, -0.0432,  0.0323, -0.1400,
         0.1202, -0.1772, -0.0720, -0.1223,  0.1259, -0.1084,  0.0263,  0.1681,
        -0.0821,  0.0358, -0.1861], requires_grad=True)
Parameter containing:
tensor([[-0.1194,  0.0000,  0.0859, -0.0000,  0.1038,  0.0000, -0.0000,  0.0000,
          0.0000, -0.1311, -0.0000, -0.0000, -0.0000, -0.0000,  0.0636, -0.0711,
         -0.1179,  0.0000,  0.0000,  0.1351, -0.0000,  0.0000, -0.0000, -0.0000,
          0.0163,  0.0000, -0.0310,  0.0000,  0.0000,  0.0000,  0.0000, -0.0157,
         -0.0876, -0.0000, -0.1176,  0.0000,  0.0000, -0.0000,  0.0149, -0.0829,
         -0.0000,  0.0000, -0.0000, -0.0688, -0.0000, -0.0000,  0.0000,  0.0258,
         -0.0979, -0.1030,  0.0887],
        [-0.0000, -0.0000, -0.0634, -0.0000,  0.0746,  0.0000,  0.0000, -0.0000,
         -0.0000, -0.0106,  0.0000, -0.0000,  0.0000,  0.0000,  0.0017, -0.0000,
         -0.1308,  0.0000,  0.0185,  0.0587, -0.0000, -0.0000, -0.0000,  0.0855,
          0.0548,  0.0000, -0.0616, -0.0000,  0.0900,  0.0000,  0.0000, -0.0938,
         -0.1343, -0.0000, -0.1339,  0.0000, -0.0000, -0.0000, -0.1368,  0.1394,
          0.0000, -0.0000,  0.0000,  0.0337, -0.0000,  0.0000,  0.0000, -0.0637,
         -0.0974, -0.0058,  0.0246],
        [-0.0594, -0.0000, -0.0089,  0.0000,  0.0149,  0.0000,  0.0000, -0.0000,
         -0.0000, -0.0819,  0.0000,  0.0000, -0.0000,  0.0000,  0.1368,  0.0386,
          0.0152, -0.0000,  0.0572, -0.0093, -0.0000, -0.0000, -0.0000, -0.0384,
         -0.0172,  0.0000,  0.1201, -0.0000, -0.0831,  0.0000,  0.0000, -0.0306,
          0.0311,  0.0000,  0.0150,  0.0000,  0.0000, -0.0000,  0.0565,  0.0828,
         -0.0000, -0.0000, -0.0000,  0.1250,  0.0000, -0.0000,  0.0000,  0.1240,
          0.0426,  0.0340, -0.1164],
        [-0.0000,  0.0000, -0.0000, -0.0000,  0.0000,  0.0000, -0.0000,  0.0000,
          0.0000, -0.0000, -0.0000,  0.0000,  0.0000,  0.0000,  0.0000, -0.0000,
          0.0000, -0.0000, -0.0000, -0.0000,  0.0000,  0.0000, -0.0000, -0.0000,
          0.0000,  0.0000, -0.0000,  0.0000, -0.0000, -0.0000,  0.0000, -0.0000,
         -0.0000,  0.0000,  0.0000,  0.0000,  0.0000,  0.0000, -0.0000, -0.0000,
         -0.0000, -0.0000,  0.0000, -0.0000,  0.0000, -0.0000,  0.0000, -0.0000,
         -0.0000,  0.0000,  0.0000]], requires_grad=True)
Parameter containing:
tensor([ 0.0549, -0.0306,  0.1189, -0.0608], requires_grad=True)


tensor([[ 0.0114,  0.0759,  0.1367,  ...,  0.1809,  0.1592,  0.1238],
        [-0.1019,  0.0148, -0.0784,  ...,  0.1767,  0.1599,  0.0843],
        [ 0.1702, -0.0675, -0.0506,  ..., -0.1828, -0.1404, -0.0363],
        ...,
        [-0.0996, -0.1285, -0.0208,  ...,  0.0257,  0.1724,  0.0030],
        [ 0.0285,  0.1335, -0.0866,  ...,  0.1586, -0.1019,  0.0720],
        [-0.1298,  0.0236,  0.1914,  ...,  0.0546, -0.0339,  0.1870]],
       requires_grad=True)
Parameter containing:
tensor([ 0.1109, -0.0334,  0.1628,  0.1510,  0.0324,  0.1301,  0.1890,  0.0744,
        -0.0759, -0.1941,  0.0801,  0.1494,  0.1234,  0.0207,  0.1972, -0.0642,
        -0.1063,  0.0540,  0.1183,  0.1723, -0.0981,  0.0402,  0.0348, -0.0653,
         0.1627, -0.1220, -0.1577,  0.0423, -0.0087,  0.0902,  0.1729, -0.1888,
         0.0919, -0.0318, -0.0545, -0.1608,  0.0980, -0.0832, -0.1278, -0.1391,
         0.0785,  0.0772, -0.0400,  0.1115, -0.1571, -0.1291, -0.0505,  0.0984,
         0.0853, -0.1243, -0.1257], requires_grad=True)
Parameter containing:
tensor([[-0.0083,  0.0997,  0.0221,  0.0296,  0.0840,  0.0364, -0.0810, -0.0817,
          0.1252,  0.0326,  0.0832,  0.1098,  0.0491,  0.0991, -0.0219,  0.0227,
         -0.0470,  0.0943, -0.1353,  0.1007, -0.0625, -0.1242, -0.0712, -0.1330,
          0.0693,  0.1278,  0.0394,  0.0353, -0.0365, -0.0483,  0.0196,  0.1265,
         -0.0180,  0.0526, -0.0183,  0.0042,  0.1177,  0.0494, -0.1218,  0.0462,
         -0.0899,  0.0915, -0.0651,  0.0492,  0.0356,  0.1053,  0.0598,  0.1137,
          0.1057, -0.1333, -0.0362],
        [-0.0501, -0.0134,  0.0695,  0.0019, -0.1264,  0.0109,  0.0615,  0.1247,
          0.0514, -0.0758, -0.0265, -0.0156, -0.0734, -0.1104,  0.0974,  0.0042,
         -0.0330,  0.1312,  0.0379,  0.1008, -0.0585,  0.0186,  0.0126,  0.1381,
          0.0528, -0.1241,  0.1051, -0.0752, -0.0760, -0.0471, -0.1096, -0.0564,
         -0.0259, -0.1330,  0.1138,  0.1375,  0.1107, -0.0256,  0.0324, -0.0759,
         -0.0254,  0.0748, -0.0564, -0.0765,  0.0559, -0.1124, -0.0990,  0.0823,
          0.0226, -0.1251,  0.1132],
        [ 0.0933, -0.0531, -0.0737, -0.0400, -0.0288, -0.0026,  0.0708,  0.0777,
         -0.0263, -0.0477,  0.0527,  0.1178,  0.1230,  0.1198,  0.0825, -0.0844,
         -0.0566,  0.1029, -0.0225,  0.0843,  0.0867,  0.0515, -0.1198, -0.1333,
         -0.0400,  0.0972,  0.1152, -0.1297, -0.1199,  0.1358,  0.1057, -0.0274,
         -0.0075,  0.0171,  0.0522,  0.1236,  0.0465,  0.1317, -0.0531,  0.0807,
         -0.0316, -0.1338,  0.0401,  0.0201, -0.1040, -0.0126, -0.0229, -0.0897,
          0.1077,  0.0589, -0.1180],
        [ 0.0664,  0.0463, -0.0203,  0.1385, -0.0121,  0.0405,  0.0176,  0.0096,
         -0.0989, -0.0159,  0.1061,  0.0814, -0.0415, -0.1264,  0.1072,  0.0384,
          0.0394, -0.0752, -0.0747, -0.0759, -0.0873,  0.1332,  0.0319,  0.0684,
         -0.1283, -0.1283,  0.0630,  0.0516,  0.1139, -0.1085, -0.0242, -0.0963,
          0.0895, -0.0485,  0.0208,  0.1088,  0.0224, -0.1128,  0.1239,  0.0473,
          0.0330,  0.0269, -0.1196, -0.1056, -0.1130, -0.0051,  0.0136, -0.0478,
          0.0289,  0.0673,  0.0796]], requires_grad=True)
Parameter containing:
tensor([ 0.0967, -0.0671,  0.0362,  0.0392], requires_grad=True)

